    % 40x45 pisces
    % https://www.nonograms.org/nonograms/i/33060
    Rows = [
[2,3,8],
[3,3,4,2],
[3,2,2,4],
[2,2,3,2,2,2],
[9,3,1,2,2,1],
[9,5,1,4,1,2,2],
[2,2,1,2,1,2,2,2],
[3,3,6,3,3,2],
[3,3,1,1,2,4,1],
[2,2,4,1,2,5,1],
[1,2,2,3,1],
[2,2,2,8,2],
[3,3,3,2,6,3],
[7,2,1,7,3],
[5,3,3,7,3],
[3,5,2,9,4],
[3,2,9,4,7],
[3,11],
[11,11],
[8,3,3,6],
[1,3,14],
[8,1,3,2,8,4],
[4,2,2,8,4],
[3,3,3,9,4],
[2,2,1,11,5],
[2,2,15,2,2],
[1,1,2,2,9,2],
[1,6,1,8],
[1,3,4,8],
[2,3,1,2,1,5],
[4,3,2,3,4],
[5,3,6,5],
[1,15,4,2],
[3,11,3,2],
[2,12,2,2],
[4,6,5,3],
[1,7,8,2],
[2,21,2],
[2,4],
[1,4,2,3,2,3,3,4],
[2,2,1,2,2,2,2,2,2],
[2,2,1,2,3,2,3,3,1,3],
[1,3,2,2,2,2,2,2,1,1,1],
[4,2,2,3,2,3,3,1,1],
[27,2,1]],
    Cols = [
[3,6,4,3],
[2,2,2,5,3,2,2,2,2,1],
[3,2,3,5,2,1,2,3,1],
[8,5,2,1,2,2],
[6,3,3,2,1,1,1],
[2,5,3,2,3,1,1],
[7,3,2,2,1,3,2,2,6],
[9,2,2,1,4,2,2,6],
[2,2,3,1,3,1,6,1,2,1,1,1],
[1,2,2,2,3,1,3,2,2,1,3,1],
[1,3,1,1,1,2,1,2,1,1],
[2,3,1,4,1,4,1,6],
[2,4,2,3,5,1,6],
[2,1,3,1,1,9,1,1],
[1,1,2,4,3,2,8,1,3,2],
[3,3,3,1,1,3,1,1,3,1,6],
[1,1,1,1,2,1,1,1,1,1,1,3,1,1,4],
[1,3,4,1,1,3,1,4,1,1],
[3,4,3,11,1,1],
[3,1,2,1,1,10,1,3,1],
[2,2,1,3,2,12,1,6],
[3,2,1,4,1,1,11,1,1,2],
[2,2,3,4,2,9,2,2,1],
[2,1,1,6,1,1,7,2,6],
[1,2,6,1,9,2,6],
[2,1,2,7,1,8,2,1,1,2],
[2,4,5,1,7,3,1],
[1,2,1,3,1,1,6,2,1],
[1,4,1,1,4,2,3,2],
[1,2,4,1,5,2,6],
[1,2,3,1,4,2,1,3],
[1,2,3,1,4,2],
[3,3,2,3,2,1],
[3,3,2,2,2,3],
[4,1,3,1,2,2,1],
[2,3,3,2,2,1,3],
[1,2,6,1,3,2,1],
[2,3,4,3,2,2,4],
[2,3,4,2,3,1],
[6,3,2,1]],

    io:format(map_to_str(solve(Rows,Cols))),
